00010002000000009601                                                            
                09/10/9809:55:34 Copyright (C) 1985-1997 by Avant! Corporation. 
                           0                                                    
                          1       1       1     TIME            v(areallylongtes
tnodename       v(b             $&%#      1     TIME            v(areallylongtes
 .00000E+00 .00000E+00 .00000E+00 .12500E-09 .00000E+00 .00000E+00 .25000E-09
 .00000E+00 .00000E+00 .75000E-09 .00000E+00 .00000E+00 .27500E-08 .00000E+00
 .00000E+00 .52500E-08 .00000E+00 .00000E+00 .77500E-08 .00000E+00 .00000E+00
 .10250E-07 .00000E+00 .00000E+00 .12750E-07 .00000E+00 .00000E+00 .15250E-07
 .00000E+00 .00000E+00 .17750E-07 .00000E+00 .00000E+00 .20250E-07 .00000E+00
 .00000E+00 .22750E-07 .00000E+00 .00000E+00 .25250E-07 .00000E+00 .00000E+00
 .27750E-07 .00000E+00 .00000E+00 .30250E-07 .00000E+00 .00000E+00 .32750E-07
 .00000E+00 .00000E+00 .35250E-07 .00000E+00 .00000E+00 .37750E-07 .00000E+00
 .00000E+00 .40250E-07 .00000E+00 .00000E+00 .42750E-07 .00000E+00 .00000E+00
 .45250E-07 .00000E+00 .00000E+00 .47750E-07 .00000E+00 .00000E+00 .50000E-07
 .00000E+00 .00000E+00 .50100E-07 .50000E+00 .98039E-02 .50200E-07 .10000E+01
 .29220E-01 .50450E-07 .22500E+01 .10706E+00 .50700E-07 .35000E+01 .24208E+00
 .51000E-07 .50000E+01 .47555E+00 .51250E-07 .50000E+01 .69100E+00 .51750E-07
 .50000E+01 .11014E+01 .53750E-07 .50000E+01 .24009E+01 .56250E-07 .50000E+01
 .34406E+01 .58750E-07 .50000E+01 .40643E+01 .61250E-07 .50000E+01 .44386E+01
 .63750E-07 .50000E+01 .46632E+01 .66250E-07 .50000E+01 .47979E+01 .68750E-07
 .50000E+01 .48787E+01 .71250E-07 .50000E+01 .49272E+01 .73750E-07 .50000E+01
 .49563E+01 .76250E-07 .50000E+01 .49738E+01 .78750E-07 .50000E+01 .49843E+01
 .81250E-07 .50000E+01 .49906E+01 .83750E-07 .50000E+01 .49943E+01 .86250E-07
 .50000E+01 .49966E+01 .88750E-07 .50000E+01 .49980E+01 .91250E-07 .50000E+01
 .49988E+01 .93750E-07 .50000E+01 .49993E+01 .96250E-07 .50000E+01 .49996E+01
 .98750E-07 .50000E+01 .49997E+01 .10000E-06 .50000E+01 .49998E+01 .10025E-06
 .37500E+01 .49403E+01 .10050E-06 .25000E+01 .48517E+01 .10100E-06 .00000E+00
 .45087E+01 .10110E-06 .00000E+00 .44203E+01 .10120E-06 .00000E+00 .43336E+01
 .10160E-06 .00000E+00 .40003E+01 .10320E-06 .00000E+00 .28967E+01 .10570E-06
 .00000E+00 .17380E+01 .10820E-06 .00000E+00 .10428E+01 .11070E-06 .00000E+00
 .62570E+00 .11320E-06 .00000E+00 .37542E+00 .11570E-06 .00000E+00 .22525E+00
 .11820E-06 .00000E+00 .13515E+00 .12070E-06 .00000E+00 .81090E-01 .12320E-06
 .00000E+00 .48654E-01 .12570E-06 .00000E+00 .29193E-01 .12820E-06 .00000E+00
 .17516E-01 .13070E-06 .00000E+00 .10509E-01 .13320E-06 .00000E+00 .63056E-02
 .13570E-06 .00000E+00 .37834E-02 .13820E-06 .00000E+00 .22700E-02 .14070E-06
 .00000E+00 .13620E-02 .14320E-06 .00000E+00 .81721E-03 .14570E-06 .00000E+00
 .49032E-03 .14820E-06 .00000E+00 .29419E-03 .15070E-06 .00000E+00 .17652E-03
 .15320E-06 .00000E+00 .10591E-03 .15570E-06 .00000E+00 .63546E-04 .15820E-06
 .00000E+00 .38128E-04 .16070E-06 .00000E+00 .22877E-04 .16320E-06 .00000E+00
 .13726E-04 .16570E-06 .00000E+00 .82355E-05 .16820E-06 .00000E+00 .49413E-05
 .17070E-06 .00000E+00 .29648E-05 .17320E-06 .00000E+00 .17789E-05 .17570E-06
 .00000E+00 .10673E-05 .17820E-06 .00000E+00 .64040E-06 .18070E-06 .00000E+00
 .00000E+00 .18320E-06 .00000E+00 .00000E+00 .18570E-06 .00000E+00 .00000E+00
 .18820E-06 .00000E+00 .00000E+00 .19070E-06 .00000E+00 .00000E+00 .19320E-06
 .00000E+00 .00000E+00 .19570E-06 .00000E+00 .00000E+00 .19820E-06 .00000E+00
 .00000E+00 .20000E-06 .00000E+00 .00000E+00 .10000E+31
